[gd_scene load_steps=8 format=3 uid="uid://byggwvgy1weio"]

[ext_resource type="Script" path="res://3d/editor_viewport/editor_viewport.gd" id="1_lx2y6"]
[ext_resource type="PackedScene" uid="uid://smlmre000euv" path="res://ui/mouse_gesture/mouse_gesture.tscn" id="2_jv0st"]
[ext_resource type="PackedScene" uid="uid://d2jiujm8jibch" path="res://3d/surface_grid_shader/surface_grid_shader.tscn" id="3_dhc55"]
[ext_resource type="PackedScene" uid="uid://mhc63t1fjtgg" path="res://3d/axes_shader/axes_shader.tscn" id="4_nita6"]

[sub_resource type="ProceduralSkyMaterial" id="ProceduralSkyMaterial_hea0x"]
sky_top_color = Color(0.196078, 0.196078, 0.215686, 1)
sky_horizon_color = Color(0.231373, 0.231373, 0.25098, 1)
ground_bottom_color = Color(0.156863, 0.156863, 0.172549, 1)
ground_horizon_color = Color(0.235294, 0.235294, 0.254902, 1)
sun_angle_max = 0.0

[sub_resource type="Sky" id="Sky_vaoec"]
sky_material = SubResource("ProceduralSkyMaterial_hea0x")

[sub_resource type="Environment" id="Environment_x2yi6"]
background_mode = 2
sky = SubResource("Sky_vaoec")
tonemap_mode = 2

[node name="EditorViewport" type="Node3D"]
script = ExtResource("1_lx2y6")

[node name="MouseGesture" parent="." instance=ExtResource("2_jv0st")]

[node name="WorldEnvironment" type="WorldEnvironment" parent="."]
environment = SubResource("Environment_x2yi6")

[node name="CameraTarget" type="Node3D" parent="."]
transform = Transform3D(-1, 0, -8.74228e-08, 0, 1, 0, 8.74228e-08, 0, -1, 0, 0, 0)

[node name="CameraYaw" type="Node3D" parent="CameraTarget"]

[node name="CameraPitch" type="Node3D" parent="CameraTarget/CameraYaw"]

[node name="Camera3D" type="Camera3D" parent="CameraTarget/CameraYaw/CameraPitch"]
transform = Transform3D(1, 0, 0, 0, 1, 0, 0, 0, 1, 0, 0, 5)

[node name="SurfaceGridShader" parent="CameraTarget/CameraYaw/CameraPitch/Camera3D" instance=ExtResource("3_dhc55")]
transform = Transform3D(1, 0, 0, 0, 1, 0, 0, 0, 1, 0, 0, -0.1)

[node name="AxesShader" parent="CameraTarget/CameraYaw/CameraPitch/Camera3D" instance=ExtResource("4_nita6")]
transform = Transform3D(1, 0, 0, 0, 1, 0, 0, 0, 1, 0, 0, -0.1)

[node name="KeyLight" type="DirectionalLight3D" parent="CameraTarget/CameraYaw/CameraPitch"]
transform = Transform3D(0.707107, 0.353553, -0.612373, 0, 0.866026, 0.499999, 0.707107, -0.353553, 0.612373, 0, 0, 5)

[node name="FillLight" type="DirectionalLight3D" parent="CameraTarget/CameraYaw/CameraPitch"]
transform = Transform3D(0.707107, -0.5, 0.5, 3.3062e-08, -0.707107, -0.707107, 0.707107, 0.5, -0.5, 0, 0, 5)
light_energy = 0.5

[node name="BackLight" type="DirectionalLight3D" parent="CameraTarget/CameraYaw/CameraPitch"]
transform = Transform3D(-0.984808, -0.0301536, -0.17101, 0, 0.984808, -0.173648, 0.173648, -0.17101, -0.969846, 0, 0, 5)
light_energy = 2.0
